size: 5
	95 222 633 640 882 
size: 4
	628 780 783 956 
size: 22
	1 13 31 79 201 202 229 258 279 343 344 418 442 451 505 529 548 698 771 825 893 952 
size: 9
	115 117 384 431 768 774 788 836 932 
size: 6
	34 148 200 659 663 730 
size: 42
	17 48 53 71 75 83 102 103 119 122 126 131 157 171 182 310 314 380 389 412 417 482 486 498 535 540 563 654 662 695 702 747 785 795 819 823 873 912 938 978 993 997 
size: 5
	562 594 609 699 728 
size: 19
	22 86 162 196 217 249 299 342 382 520 572 574 657 684 791 800 891 916 963 
size: 5
	227 395 503 669 875 
size: 8
	44 70 137 358 372 385 789 933 
size: 66
	7 16 29 65 73 136 147 158 176 193 210 216 219 220 238 262 281 284 306 312 327 335 345 373 386 398 411 435 437 440 444 453 462 463 468 493 496 504 531 560 571 575 607 608 650 652 676 681 700 741 758 759 766 809 827 831 887 892 897 901 904 906 920 936 970 985 
size: 15
	298 300 349 409 487 507 525 591 852 896 942 961 972 981 988 
size: 59
	0 24 27 39 41 43 51 59 90 93 143 145 156 163 167 195 232 241 272 294 326 334 353 361 367 368 370 415 480 501 524 528 534 552 580 581 593 620 626 635 638 644 714 724 725 731 732 739 746 749 757 805 814 835 840 857 949 962 974 
size: 22
	11 77 92 116 132 151 204 267 456 526 527 647 674 706 709 748 802 879 948 964 980 986 
size: 8
	60 184 271 317 553 564 641 828 
size: 26
	10 56 81 138 214 231 243 331 365 449 484 500 509 514 536 586 597 598 604 642 660 708 743 851 856 989 
size: 7
	42 66 97 378 446 969 984 
size: 7
	54 197 256 313 322 817 953 
size: 2
	144 269 
size: 2
	194 244 
size: 12
	3 112 118 203 290 305 403 619 735 736 832 960 
size: 17
	111 133 253 263 324 354 362 419 425 557 648 701 705 745 787 850 853 
size: 26
	9 38 49 76 88 96 110 128 140 172 223 245 460 464 474 554 569 627 639 721 760 784 793 826 929 935 
size: 2
	266 750 
size: 4
	218 252 612 753 
size: 11
	233 427 434 634 646 729 824 865 899 903 930 
size: 6
	273 457 522 696 921 928 
size: 18
	33 69 124 185 189 209 215 328 541 546 567 592 687 694 704 860 924 987 
size: 9
	408 570 584 624 754 841 855 917 923 
size: 12
	80 121 213 288 422 492 596 610 629 796 806 937 
size: 4
	64 135 261 999 
size: 11
	14 174 248 286 383 397 614 685 772 834 905 
size: 3
	45 377 689 
size: 8
	226 292 436 516 590 623 812 994 
size: 5
	139 154 278 579 693 
size: 4
	101 439 888 957 
size: 3
	106 761 900 
size: 5
	455 485 497 549 866 
size: 6
	402 406 430 618 713 727 
size: 3
	205 254 651 
size: 6
	230 268 630 874 907 922 
size: 11
	30 130 165 224 488 545 568 712 781 861 910 
size: 6
	21 228 280 340 668 898 
size: 5
	89 149 285 318 606 
size: 5
	283 556 682 872 951 
size: 5
	74 113 494 821 983 
size: 6
	206 404 461 691 858 863 
size: 7
	23 207 308 375 429 833 968 
size: 18
	19 78 84 180 240 319 364 470 533 537 625 680 690 755 813 909 926 976 
size: 12
	107 125 150 287 441 467 469 475 519 600 737 801 
size: 10
	295 323 366 376 502 561 686 719 829 911 
size: 3
	160 653 943 
size: 3
	329 332 658 
size: 6
	265 374 426 443 543 843 
size: 5
	28 169 242 413 544 
size: 7
	12 270 337 416 438 513 815 
size: 8
	26 57 208 359 583 738 818 830 
size: 3
	123 212 842 
size: 13
	166 235 255 325 399 667 726 811 820 869 886 977 991 
size: 3
	276 617 939 
size: 7
	186 199 338 414 578 645 889 
size: 5
	35 341 573 868 967 
size: 3
	360 566 790 
size: 2
	68 155 
size: 2
	532 692 
size: 2
	5 992 
size: 4
	450 472 822 996 
size: 2
	432 637 
size: 2
	20 776 
size: 7
	168 296 356 483 542 718 752 
size: 5
	32 120 715 816 880 
size: 3
	177 723 913 
size: 5
	6 46 153 490 733 
size: 4
	221 371 671 707 
size: 7
	330 379 391 476 489 506 894 
size: 3
	62 555 940 
size: 2
	161 915 
size: 3
	40 236 870 
size: 2
	622 779 
size: 5
	237 315 688 849 998 
size: 3
	355 716 864 
size: 2
	339 588 
size: 3
	99 798 914 
size: 2
	394 410 
size: 2
	55 670 
size: 4
	311 539 615 675 
size: 4
	420 576 605 720 
size: 3
	63 711 902 
size: 2
	178 511 
size: 2
	91 589 
size: 2
	4 611 
size: 2
	521 602 
size: 2
	396 585 
size: 2
	8 82 
size: 4
	67 100 447 491 
size: 2
	85 890 
size: 4
	350 473 744 881 
size: 4
	114 159 459 804 
size: 2
	558 973 
size: 2
	58 871 
size: 3
	347 782 878 
size: 3
	393 508 767 
size: 2
	775 959 
size: 2
	636 643 
size: 4
	225 352 421 734 
size: 3
	722 884 995 
size: 2
	275 839 
size: 2
	187 401 
size: 2
	613 931 
size: 3
	885 927 965 
size: 2
	392 478 
size: 3
	918 945 979 
size: 2
	603 762 
size: 2
	351 837 
size: 3
	264 471 621 
size: 2
	94 259 
size: 2
	188 282 
size: 2
	15 530 
size: 2
	523 777 
size: 2
	170 517 
size: 2
	454 810 
size: 2
	25 433 
size: 2
	703 844 
size: 2
	191 369 
size: 3
	551 631 742 
size: 2
	179 941 
size: 2
	616 661 
size: 2
	448 495 
size: 2
	320 877 
size: 2
	141 803 
size: 2
	260 778 
size: 2
	47 559 
size: 2
	234 381 
size: 2
	683 786 
size: 2
	515 919 
size: 2
	400 883 
